6556081383242250246
15652128821062705159
1512466244555026447
6947224075145105429
11157205300575645725
436403744673603621
2176205793265436712
982106858509600812
17565135627914582054
4776452279449188397
10244249171662872630
9449075721415368758
12534171609545263159
9125715544659443769
7350057551093200957
7680755193969737795
14271489607868598338
5433589492283564110
15202888317132015695
11394310248946683991
5394555810457047135
305411574766862440
16528734853600225380
13501494009548267635
17938520178839160950
10496351484711792763
16465413640122251387
14478307427144427664
11966482254904244373
11463984160168505498
13620140033153720480
640335173642868917
16604271396046495919
9026349128718852290
15043147935798814913
18226547231050006726
17552945177380921542
15834252026489258187
2159462756331958502
17880546365418119393
3822194943695712494
3922997101092346101
4931782561355419898
8901874911403768059
4009217340713957636
12804658080583758082
8421726706077212935
1800612493830623502
4073885443700482319
17941455533076539658
8816524468554676532
10719379176822307127
2988148978221644090
17032793931522013499
15928662119119380803
2140982198748008781
3984115276498997581
9379574052571691339
6035861380066738512
3904606188107284819
16070046941589004627
17480953969226281302
4231144963784790365
450559821652664672
10191652202320075103
2203251886047340900
17023095536770040171
5122056575428092312
9317376101870424477
1869737244065829283
12671748185054540192
8699735524499882411
989457959935429038
15339707670756422057
8189223804853072304
9089847004773372344
12924460446159446458
10417710371711619518
1827715335895341515
6237724711987317198
2683273381457736145
4487324099621386709
17050738154034641364
280692090040844771
5040332779619641826
3886549553977407975
13103495096941324774
16566800197084565992
14786629224695701994
7079838394083246588
17809273745532062205
14560756496429306381
878263036944054810
14451016804341479963
9060797284487342625
17029619237473776160
7038158269142796845
1752786410868996664
9933690030893242936
10753422424053084734
12311868552321872454
11949841446993027656
14551613544287793736
4166412758552406607
10009226170433827417
11115035897571037786
12802016172442384989
3276256214126135912
5875559532424946281
7773170150240273012
8255885594399156853
8674020696211565177
6939836610870706817
13994537939358323329
5893449524434025125
9678236885433533094
7711163509025561262
15536091175598658220
9829381775956658869
9159310086440213185
5555088466371107538
2372189096112464607
4844168097231774432
4929850069554057953
5584511116857668324
14486402591130720995
16345269293625187043
3115712823516226282
2978645745057303282
11130442855585231628
711962772666555167
4562091687904619302
18128568202825243427
5023697425291868968
4206671427910046510
17814864759927667498
2144895730508434227
15605309289723364147
6116309098296324932
9416409575162016583
11027407978929924935
14600747254290844487
3769343355058346831
13683156561070805837
9990227311897285461
2313742754690607984
284580645466962822
6241973339993861001
947320589428626317
4381921072936334223
15806311708349619082
5835447606224831378
3311675542950601621
12296517267005496213
15694637217434921889
833074290868448173
3876454105337803694
14852182132945030060
10063472542827828145
1833178459900398518
10543401236424252341
6944680271894559690
17670057982557375431
17464885456471938007
9667852194481892317
142412062741898221
3442751220847029233
15970374100387822584
17934609828228164627
2877343619338144796
10426759019125103645
2823214791324537888
9635400850420304928
6372794134097597490
4373305645491905604
5586518466867981383
13399217380725402703
7745547964978424928
7377110365381477472
6112115111623461991
8756248783327351911
8836469679224714358
2813120860909966482
4826067073451330705
17783520714249026706
11388794057070263451
477929524923833514
14879705820882281639
10256371251679919276
15760735536900113579
2571367688171058356
2097691154837290167
3025114203153437895
929234037424956628
221393907912836310
4427019579884764391
1175545043137551599
2909920616837854448
2193899359347717364
563275073897012469
17303749433038066927
8488461458144253188
16937222560386604290
10068869379834742024
8081443278298912018
15130386830258081039
15656033796028497169
7145152852659866909
11957044847831065883
10424029333834257695
2920531022989886754
6598281076921011497
13268710384572579112
16873713468711697715
17780289015293820228
7494831122965003606
7746005582776739169
7342444103062472034
16593242649845445982
1236942848073571688
11387629792076612965
15312375072752715109
3559463105712113006
11591694515083281772
15961058097923239290
11006074700035552640
3902295768154891656
5466418735484855691
7122902452302247306
18219833796309702023
14547290207319391628
11169852020990981524
10748969565647488421
2319312153084794283
1644672065049572781
9518510186257956283
3602395637056439744
4372730179938844112
2883521634229267947
10164981952208899562
5611833575764393456
6065642012639565296
16728333532212575725
4210731202943753724
3901005586767037952
11281860951712626188
11920174470613272078
4277216657467500050
5794274165545754132
5797113574069671445
660483896001355293
16819716195864368671
14987710016018357793
16376973195087406
4144974578486357551
13613683060956800557
2707323804350993970
14209223507981063728
1939508958599714360
16557640213530955326
5542709998849932868
4074095148727184973
13333155761425344080
16472391515860840023
11176167127400523375
11784032063962175102
4691808505615945355
8373408162080644752
11128082320021102231
14185379863818639010
3909061753187770030
6754248588121630387
13548371235227385521
6841851561264727739
13531647117508210361
10384917866595229370
9728030157646671549
14993138972520015547
16852930694228293308
2865100716666502857
10625532032927393490
6200240080807435997
757684290500435691
13870518667557895910
16854166765009962727
6278102561574387442
10699612325984640759
13461857117756137216
12524486755438122757
16597950648252919573
356434008566126376
16350379766258003746
827614961741700908
5273605464516577066
8833107442931795760
13309139907652136767
17902034765115901765
8388675039645560651
8381808315826300754
6784278673465032534
14623551870154053459
3637905998807195488
6781792989321152359
17744204011550635879
4129240745621790584
17480511254803431286
17800907800257271672
17314997579100467067
11575990424052772758
7811932777566373788
5695702459854772127
5961423125619922848
457322526121465763
4257398482879737762
18170944899854149536
2219811347576809390
12407165747908069290
839108133478721461
13204686407353681846
13297362401403633594
11881598871706275777
6648576904128305093
4537924063246069708
825657047248650191
4969223174217023440
15096426630482079694
3504814213811333094
694443016646090738
13099969474844065776
5244578194704496628
13080307724061126642
15978742443628337139
7042430359433981945